shape_id,shape_pt_lon,shape_pt_lat,shape_pt_sequence,shape_dist_traveled
RL04al,1.22746,6.132379,1,
RL04al,1.227333,6.132505,2,
RL04al,1.227289,6.132538,3,
RL04al,1.227247,6.132562,4,
RL04al,1.22719,6.132573,5,
RL04al,1.227266,6.132929,6,
RL04al,1.227382,6.133522,7,
RL04al,1.227543,6.134454,8,
RL04al,1.227661,6.13509,9,
RL04al,1.227732,6.135444,10,
RL04al,1.227879,6.136275,11,
RL04al,1.227897,6.136348,12,
RL04al,1.227916,6.136425,13,
RL04al,1.227927,6.136482,14,
RL04al,1.227934,6.136519,15,
RL04al,1.227984,6.136785,16,
RL04al,1.228021,6.136994,17,
RL04al,1.228071,6.137275,18,
RL04al,1.228113,6.137521,19,
RL04al,1.228188,6.137933,20,
RL04al,1.228251,6.138325,21,
RL04al,1.228327,6.138749,22,
RL04al,1.228388,6.139109,23,
RL04al,1.228537,6.139926,24,
RL04al,1.228666,6.140646,25,
RL04al,1.228819,6.14161,26,
RL04al,1.228971,6.142452,27,
RL04al,1.22911,6.143246,28,
RL04al,1.229127,6.143337,29,
RL04al,1.229144,6.143434,30,
RL04al,1.229241,6.143966,31,
RL04al,1.229249,6.144018,32,
RL04al,1.229293,6.14434,33,
RL04al,1.229324,6.144535,34,
RL04al,1.229428,6.144909,35,
RL04al,1.229592,6.145391,36,
RL04al,1.229702,6.145669,37,
RL04al,1.229778,6.145934,38,
RL04al,1.229827,6.146137,39,
RL04al,1.22983,6.146164,40,
RL04al,1.229876,6.146631,41,
RL04al,1.229897,6.147135,42,
RL04al,1.229935,6.147977,43,
RL04al,1.22994,6.148191,44,
RL04al,1.229944,6.148289,45,
RL04al,1.229955,6.148493,46,
RL04al,1.229958,6.148793,47,
RL04al,1.229963,6.148928,48,
RL04al,1.229971,6.149253,49,
RL04al,1.229969,6.149358,50,
RL04al,1.22994,6.149381,51,
RL04al,1.229916,6.149408,52,
RL04al,1.229889,6.149465,53,
RL04al,1.229882,6.149527,54,
RL04al,1.229896,6.149588,55,
RL04al,1.22993,6.14964,56,
RL04al,1.229978,6.149678,57,
RL04al,1.230032,6.149698,58,
RL04al,1.23009,6.1497,59,
RL04al,1.230145,6.149685,60,
RL04al,1.230193,6.149654,61,
RL04al,1.230225,6.149617,62,
RL04al,1.230408,6.149556,63,
RL04al,1.230579,6.149539,64,
RL04al,1.230859,6.149544,65,
RL04al,1.231092,6.149549,66,
RL04al,1.23129,6.149552,67,
RL04al,1.231709,6.149565,68,
RL04al,1.231741,6.149565,69,
RL04al,1.231773,6.149564,70,
RL04al,1.231799,6.149562,71,
RL04al,1.231807,6.149559,72,
RL04al,1.23182,6.149574,73,
RL04al,1.231838,6.149583,74,
RL04al,1.231858,6.149585,75,
RL04al,1.231877,6.149579,76,
RL04al,1.231892,6.149566,77,
RL04al,1.23192,6.149566,78,
RL04al,1.232735,6.149616,79,
RL04al,1.232927,6.149629,80,
RL04al,1.233112,6.14964,81,
RL04al,1.233376,6.149665,82,
RL04al,1.2336,6.149698,83,
RL04al,1.233814,6.149745,84,
RL04al,1.234015,6.149806,85,
RL04al,1.23434,6.149932,86,
RL04al,1.234646,6.150085,87,
RL04al,1.235336,6.150407,88,
RL04al,1.235893,6.150669,89,
RL04al,1.236373,6.150851,90,
RL04al,1.236492,6.150902,91,
RL04al,1.237127,6.151127,92,
RL04al,1.237737,6.151355,93,
RL04al,1.238945,6.151811,94,
RL04al,1.239436,6.151996,95,
RL04al,1.239693,6.152093,96,
RL04al,1.239775,6.152118,97,
RL04al,1.239853,6.152148,98,
RL04al,1.240166,6.15227,99,
RL04al,1.240817,6.152539,100,
RL04al,1.240983,6.152603,101,
RL04al,1.241491,6.152794,102,
RL04al,1.241671,6.152858,103,
RL04al,1.241767,6.152902,104,
RL04al,1.241868,6.152967,105,
RL04al,1.241957,6.153038,106,
RL04al,1.242076,6.153157,107,
RL04al,1.242079,6.153186,108,
RL04al,1.242087,6.153213,109,
RL04al,1.2421,6.153238,110,
RL04al,1.242118,6.153261,111,
RL04al,1.242139,6.15328,112,
RL04al,1.242178,6.153411,113,
RL04al,1.242206,6.153535,114,
RL04al,1.242238,6.153756,115,
RL04al,1.242261,6.153981,116,
RL04al,1.242289,6.154265,117,
RL04al,1.242352,6.154814,118,
RL04al,1.242489,6.15629,119,
RL04al,1.242503,6.156424,120,
RL04al,1.242552,6.156913,121,
RL04al,1.242588,6.157225,122,
RL04al,1.242615,6.157493,123,
RL04al,1.24265,6.157704,124,
RL04al,1.242713,6.158064,125,
RL04al,1.24283,6.158553,126,
RL04al,1.242881,6.158725,127,
RL04al,1.242924,6.158854,128,
RL04al,1.242976,6.159002,129,
RL04al,1.243077,6.159282,130,
RL04al,1.243136,6.159462,131,
RL04al,1.243197,6.159626,132,
RL04al,1.243302,6.159854,133,
RL04al,1.243441,6.160128,134,
RL04al,1.243353,6.160342,135,
RL04al,1.243148,6.160894,136,
RL04al,1.243037,6.161194,137,
RL04al,1.242776,6.161903,138,
RL04al,1.242521,6.162515,139,
RL04al,1.24222,6.163241,140,
RL04al,1.242148,6.163433,141,
RL04al,1.241601,6.164867,142,
RL04al,1.241469,6.165214,143,
RL04al,1.241041,6.1663,144,
RL04al,1.240777,6.167014,145,
RL04al,1.240617,6.167452,146,
RL04al,1.240449,6.167912,147,
RL04al,1.240231,6.168448,148,
RL04al,1.240038,6.168876,149,
RL04al,1.239945,6.169077,150,
RL04al,1.239902,6.169169,151,
RL04al,1.239802,6.169426,152,
RL04al,1.23977,6.169514,153,
RL04al,1.239665,6.16981,154,
RL04al,1.239425,6.170384,155,
RL04al,1.239051,6.171262,156,
RL04al,1.239022,6.171326,157,
RL04al,1.239073,6.171353,158,
RL04al,1.239729,6.171797,159,
RL04al,1.239981,6.17197,160,
RL04al,1.240007,6.171988,161,
RL04al,1.240459,6.172322,162,
RL04al,1.240654,6.17246,163,
RL04al,1.240785,6.172558,164,
RL04al,1.24084,6.172597,165,
RL04al,1.240933,6.172665,166,
RL04al,1.240933,6.172687,167,
RL04al,1.24094,6.172709,168,
RL04al,1.240955,6.172727,169,
RL04al,1.240975,6.172739,170,
RL04al,1.240912,6.173066,171,
RL04al,1.240922,6.173271,172,
RL04al,1.240897,6.173484,173,
RL04al,1.24088,6.173665,174,
RL04al,1.24083,6.174201,175,
RL04al,1.240813,6.174393,176,
RL04al,1.240782,6.174742,177,
RL04al,1.240646,6.175964,178,
RL04al,1.240559,6.176755,179,
RL04al,1.240491,6.177475,180,
RL04al,1.240466,6.177792,181,
RL04al,1.240442,6.1782,182,
RL04al,1.240421,6.17846,183,
RL04al,1.240381,6.178925,184,
RL04al,1.240352,6.179175,185,
RL04al,1.240332,6.179411,186,
RL04al,1.240277,6.179603,187,
RL04al,1.240269,6.179683,188,
RL04al,1.240203,6.180383,189,
RL04al,1.240129,6.181069,190,
RL04al,1.240124,6.181219,191,
RL04al,1.240132,6.18135,192,
RL04al,1.240149,6.181426,193,
RL04al,1.240171,6.181483,194,
RL04al,1.240298,6.181764,195,
RL04al,1.240452,6.182114,196,
RL04al,1.240595,6.18247,197,
RL04al,1.240837,6.183031,198,
RL04al,1.241151,6.183783,199,
RL04al,1.241327,6.184218,200,
RL04al,1.24149,6.184593,201,
RL04al,1.242009,6.185877,202,
RL04al,1.242231,6.186397,203,
RL04al,1.242544,6.187154,204,
RL04al,1.242691,6.187512,205,
RL04al,1.242769,6.187706,206,
RL04al,1.242853,6.187918,207,
RL04al,1.24313,6.188574,208,
RL04al,1.243673,6.189904,209,
RL04al,1.243943,6.190531,210,
RL04al,1.244166,6.191074,211,
RL04al,1.24442,6.191681,212,
RL04al,1.244556,6.192023,213,
RL04al,1.244727,6.192447,214,
RL04al,1.244757,6.192523,215,
RL04al,1.244784,6.19259,216,
RL04al,1.245043,6.19321,217,
RL04al,1.245304,6.193832,218,
RL04al,1.245666,6.194688,219,
RL04al,1.245793,6.195012,220,
RL04al,1.245848,6.195141,221,
RL04al,1.246164,6.195891,222,
RL04al,1.24644,6.196599,223,
RL04al,1.246665,6.197118,224,
RL04al,1.246959,6.197829,225,
RL04al,1.247756,6.199743,226,
RL04al,1.247783,6.199812,227,
RL04al,1.248042,6.200463,228,
RL04al,1.248113,6.200636,229,
RL04al,1.248177,6.200792,230,
RL04al,1.248267,6.20101,231,
RL04al,1.248513,6.20162,232,
RL04al,1.248581,6.201816,233,
RL04al,1.248549,6.201845,234,
RL04al,1.248532,6.20187,235,
RL04al,1.24852,6.201898,236,
RL04al,1.248512,6.201928,237,
RL04al,1.24851,6.201965,238,
RL04al,1.248515,6.202001,239,
RL04al,1.248527,6.202037,240,
RL04al,1.248546,6.202068,241,
RL04al,1.248571,6.202096,242,
RL04al,1.248598,6.202116,243,
RL04al,1.248629,6.202132,244,
RL04al,1.248662,6.202141,245,
RL04al,1.248762,6.202314,246,
RL04al,1.248954,6.202717,247,
RL04al,1.249237,6.20338,248,
RL04al,1.24933,6.203591,249,
RL04al,1.249372,6.203715,250,
RL04al,1.249483,6.204163,251,
RL04al,1.249598,6.204643,252,
RL04al,1.249643,6.204807,253,
RL04al,1.249749,6.205268,254,
RL04al,1.249761,6.205315,255,
RL04al,1.249823,6.205625,256,
RL04re,1.22746,6.132379,1,
RL04re,1.227593,6.132233,2,
RL04re,1.228061,6.13239,3,
RL04re,1.228188,6.132432,4,
RL04re,1.228302,6.132482,5,
RL04re,1.228453,6.13332,6,
RL04re,1.228636,6.134266,7,
RL04re,1.228788,6.135045,8,
RL04re,1.228817,6.135201,9,
RL04re,1.22891,6.135671,10,
RL04re,1.22896,6.135979,11,
RL04re,1.228975,6.13607,12,
RL04re,1.228981,6.136152,13,
RL04re,1.228987,6.136215,14,
RL04re,1.229002,6.136293,15,
RL04re,1.229085,6.136713,16,
RL04re,1.229212,6.137296,17,
RL04re,1.229267,6.137565,18,
RL04re,1.229297,6.137707,19,
RL04re,1.229317,6.137802,20,
RL04re,1.229376,6.138114,21,
RL04re,1.229402,6.138256,22,
RL04re,1.229461,6.138535,23,
RL04re,1.229522,6.138887,24,
RL04re,1.229593,6.139424,25,
RL04re,1.229665,6.14015,26,
RL04re,1.229686,6.140442,27,
RL04re,1.229723,6.141152,28,
RL04re,1.229752,6.141534,29,
RL04re,1.229797,6.142368,30,
RL04re,1.229815,6.14275,31,
RL04re,1.229833,6.143099,32,
RL04re,1.229837,6.143162,33,
RL04re,1.229843,6.143381,34,
RL04re,1.229849,6.143602,35,
RL04re,1.229863,6.144086,36,
RL04re,1.229866,6.14412,37,
RL04re,1.229867,6.144159,38,
RL04re,1.229879,6.144472,39,
RL04re,1.229895,6.144911,40,
RL04re,1.229915,6.14545,41,
RL04re,1.229961,6.146194,42,
RL04re,1.229999,6.14665,43,
RL04re,1.230014,6.147125,44,
RL04re,1.230041,6.147721,45,
RL04re,1.230048,6.147987,46,
RL04re,1.230064,6.148396,47,
RL04re,1.230066,6.148466,48,
RL04re,1.230073,6.148665,49,
RL04re,1.230081,6.148864,50,
RL04re,1.230085,6.148919,51,
RL04re,1.230093,6.148997,52,
RL04re,1.230098,6.149055,53,
RL04re,1.230116,6.149183,54,
RL04re,1.230139,6.149283,55,
RL04re,1.230175,6.149363,56,
RL04re,1.23021,6.149391,57,
RL04re,1.230269,6.149406,58,
RL04re,1.230381,6.149435,59,
RL04re,1.230518,6.149459,60,
RL04re,1.231025,6.149473,61,
RL04re,1.231652,6.14949,62,
RL04re,1.231768,6.149495,63,
RL04re,1.231827,6.14949,64,
RL04re,1.231846,6.149484,65,
RL04re,1.231866,6.149485,66,
RL04re,1.231883,6.149494,67,
RL04re,1.231896,6.149509,68,
RL04re,1.231912,6.149508,69,
RL04re,1.232472,6.149545,70,
RL04re,1.232732,6.149552,71,
RL04re,1.23302,6.149567,72,
RL04re,1.233381,6.149594,73,
RL04re,1.233638,6.149631,74,
RL04re,1.233813,6.149672,75,
RL04re,1.234003,6.149723,76,
RL04re,1.234062,6.149743,77,
RL04re,1.234343,6.149846,78,
RL04re,1.234693,6.150014,79,
RL04re,1.234758,6.150045,80,
RL04re,1.234928,6.150124,81,
RL04re,1.235365,6.150325,82,
RL04re,1.235826,6.150527,83,
RL04re,1.235875,6.150549,84,
RL04re,1.236266,6.150713,85,
RL04re,1.236462,6.15079,86,
RL04re,1.23682,6.150933,87,
RL04re,1.237133,6.151053,88,
RL04re,1.237982,6.151366,89,
RL04re,1.238967,6.151734,90,
RL04re,1.239784,6.152039,91,
RL04re,1.239868,6.152072,92,
RL04re,1.240177,6.152188,93,
RL04re,1.240712,6.152395,94,
RL04re,1.241016,6.15251,95,
RL04re,1.241471,6.15268,96,
RL04re,1.241532,6.152704,97,
RL04re,1.241738,6.152782,98,
RL04re,1.241841,6.152831,99,
RL04re,1.241934,6.152887,100,
RL04re,1.242026,6.152934,101,
RL04re,1.242177,6.153009,102,
RL04re,1.242213,6.153,103,
RL04re,1.242249,6.153,104,
RL04re,1.242285,6.153008,105,
RL04re,1.242318,6.153024,106,
RL04re,1.242349,6.153051,107,
RL04re,1.242373,6.153085,108,
RL04re,1.242386,6.153124,109,
RL04re,1.242389,6.153166,110,
RL04re,1.24238,6.153206,111,
RL04re,1.242364,6.153239,112,
RL04re,1.242341,6.153266,113,
RL04re,1.242313,6.153288,114,
RL04re,1.242316,6.153363,115,
RL04re,1.242321,6.15346,116,
RL04re,1.242323,6.153518,117,
RL04re,1.242385,6.154103,118,
RL04re,1.242454,6.154806,119,
RL04re,1.242472,6.154967,120,
RL04re,1.24252,6.155457,121,
RL04re,1.242596,6.15627,122,
RL04re,1.242613,6.156416,123,
RL04re,1.242665,6.156868,124,
RL04re,1.242718,6.157386,125,
RL04re,1.242747,6.15763,126,
RL04re,1.242779,6.157833,127,
RL04re,1.242823,6.158046,128,
RL04re,1.242845,6.158146,129,
RL04re,1.24295,6.158534,130,
RL04re,1.243059,6.158894,131,
RL04re,1.243145,6.159153,132,
RL04re,1.243231,6.159376,133,
RL04re,1.243314,6.159583,134,
RL04re,1.243388,6.159753,135,
RL04re,1.24343,6.15987,136,
RL04re,1.243512,6.160034,137,
RL04re,1.243547,6.16011,138,
RL04re,1.243485,6.160207,139,
RL04re,1.243427,6.160346,140,
RL04re,1.243385,6.160442,141,
RL04re,1.243264,6.16074,142,
RL04re,1.243106,6.161144,143,
RL04re,1.243079,6.161212,144,
RL04re,1.242987,6.161445,145,
RL04re,1.242907,6.161678,146,
RL04re,1.242799,6.161956,147,
RL04re,1.242556,6.162529,148,
RL04re,1.242244,6.163292,149,
RL04re,1.242215,6.163358,150,
RL04re,1.242164,6.163475,151,
RL04re,1.241537,6.165188,152,
RL04re,1.241489,6.16532,153,
RL04re,1.241352,6.165672,154,
RL04re,1.241099,6.16632,155,
RL04re,1.240676,6.167473,156,
RL04re,1.240511,6.167921,157,
RL04re,1.240283,6.16847,158,
RL04re,1.240085,6.168896,159,
RL04re,1.239991,6.169098,160,
RL04re,1.239718,6.169822,161,
RL04re,1.239664,6.169946,162,
RL04re,1.239651,6.169977,163,
RL04re,1.239602,6.170087,164,
RL04re,1.239397,6.170585,165,
RL04re,1.239096,6.171292,166,
RL04re,1.239747,6.171738,167,
RL04re,1.240034,6.171938,168,
RL04re,1.240488,6.172263,169,
RL04re,1.240628,6.172369,170,
RL04re,1.240695,6.172416,171,
RL04re,1.24079,6.172482,172,
RL04re,1.240867,6.172534,173,
RL04re,1.240977,6.172615,174,
RL04re,1.241,6.172611,175,
RL04re,1.241022,6.172615,176,
RL04re,1.241042,6.172627,177,
RL04re,1.24105,6.172636,178,
RL04re,1.241057,6.172645,179,
RL04re,1.241064,6.172667,180,
RL04re,1.241064,6.17269,181,
RL04re,1.241056,6.172711,182,
RL04re,1.24104,6.172728,183,
RL04re,1.24102,6.17274,184,
RL04re,1.240997,6.172743,185,
RL04re,1.240975,6.172739,186,
RL04re,1.240912,6.173066,187,
RL04re,1.240922,6.173271,188,
RL04re,1.240897,6.173484,189,
RL04re,1.24088,6.173665,190,
RL04re,1.24083,6.174201,191,
RL04re,1.240813,6.174393,192,
RL04re,1.240782,6.174742,193,
RL04re,1.240646,6.175964,194,
RL04re,1.240559,6.176755,195,
RL04re,1.240491,6.177475,196,
RL04re,1.240466,6.177792,197,
RL04re,1.240442,6.1782,198,
RL04re,1.240421,6.17846,199,
RL04re,1.240381,6.178925,200,
RL04re,1.240352,6.179175,201,
RL04re,1.240332,6.179411,202,
RL04re,1.240342,6.179617,203,
RL04re,1.240333,6.179697,204,
RL04re,1.240313,6.179923,205,
RL04re,1.240274,6.180385,206,
RL04re,1.240209,6.181149,207,
RL04re,1.240213,6.181238,208,
RL04re,1.240239,6.181377,209,
RL04re,1.24026,6.18147,210,
RL04re,1.240365,6.181718,211,
RL04re,1.240439,6.181896,212,
RL04re,1.240662,6.182439,213,
RL04re,1.240669,6.182457,214,
RL04re,1.240902,6.183008,215,
RL04re,1.241223,6.183758,216,
RL04re,1.241377,6.184159,217,
RL04re,1.241557,6.184587,218,
RL04re,1.241633,6.184772,219,
RL04re,1.241843,6.1853,220,
RL04re,1.242072,6.185854,221,
RL04re,1.242293,6.186399,222,
RL04re,1.242607,6.187157,223,
RL04re,1.242758,6.187505,224,
RL04re,1.242919,6.187892,225,
RL04re,1.243016,6.188141,226,
RL04re,1.243197,6.188546,227,
RL04re,1.243758,6.189869,228,
RL04re,1.244014,6.19051,229,
RL04re,1.24424,6.191049,230,
RL04re,1.24449,6.191654,231,
RL04re,1.244761,6.192318,232,
RL04re,1.244804,6.192419,233,
RL04re,1.244827,6.192475,234,
RL04re,1.24486,6.192561,235,
RL04re,1.244976,6.192835,236,
RL04re,1.245119,6.193184,237,
RL04re,1.245848,6.194948,238,
RL04re,1.245917,6.195114,239,
RL04re,1.245928,6.19514,240,
RL04re,1.246231,6.195866,241,
RL04re,1.246495,6.196524,242,
RL04re,1.246739,6.197095,243,
RL04re,1.247029,6.197807,244,
RL04re,1.247857,6.199787,245,
RL04re,1.248119,6.200438,246,
RL04re,1.248183,6.200615,247,
RL04re,1.248245,6.200776,248,
RL04re,1.248335,6.200985,249,
RL04re,1.248602,6.201587,250,
RL04re,1.248697,6.201774,251,
RL04re,1.248743,6.20178,252,
RL04re,1.248786,6.201797,253,
RL04re,1.248824,6.201825,254,
RL04re,1.248848,6.201852,255,
RL04re,1.248866,6.201884,256,
RL04re,1.248877,6.201919,257,
RL04re,1.248882,6.201955,258,
RL04re,1.248879,6.201992,259,
RL04re,1.248869,6.202027,260,
RL04re,1.248857,6.20205,261,
RL04re,1.248843,6.202072,262,
RL04re,1.248861,6.202131,263,
RL04re,1.248919,6.202346,264,
RL04re,1.248984,6.202517,265,
RL04re,1.249069,6.202721,266,
RL04re,1.24936,6.203341,267,
RL04re,1.249486,6.203732,268,
RL04re,1.249592,6.204103,269,
RL04re,1.249728,6.204709,270,
RL04re,1.249741,6.204764,271,
RL04re,1.249862,6.205265,272,
RL04re,1.24993,6.205622,273,
RL06al,1.196987,6.232173,1,
RL06al,1.196886,6.232075,2,
RL06al,1.196028,6.231257,3,
RL06al,1.195922,6.231147,4,
RL06al,1.195824,6.231027,5,
RL06al,1.195748,6.230906,6,
RL06al,1.195684,6.230779,7,
RL06al,1.195606,6.230628,8,
RL06al,1.19556,6.230538,9,
RL06al,1.195534,6.230485,10,
RL06al,1.195326,6.23007,11,
RL06al,1.195077,6.229544,12,
RL06al,1.194871,6.229118,13,
RL06al,1.194653,6.228661,14,
RL06al,1.194607,6.228567,15,
RL06al,1.194433,6.228202,16,
RL06al,1.194348,6.228022,17,
RL06al,1.194298,6.22792,18,
RL06al,1.194022,6.227352,19,
RL06al,1.193728,6.226747,20,
RL06al,1.193642,6.226569,21,
RL06al,1.19359,6.226464,22,
RL06al,1.193492,6.226276,23,
RL06al,1.193368,6.226046,24,
RL06al,1.193308,6.225918,25,
RL06al,1.193254,6.225803,26,
RL06al,1.193204,6.225698,27,
RL06al,1.193121,6.225552,28,
RL06al,1.193064,6.22544,29,
RL06al,1.19304,6.225419,30,
RL06al,1.193023,6.225392,31,
RL06al,1.193013,6.225362,32,
RL06al,1.193012,6.22533,33,
RL06al,1.193019,6.225299,34,
RL06al,1.192881,6.224999,35,
RL06al,1.19284,6.224911,36,
RL06al,1.192633,6.224493,37,
RL06al,1.19253,6.224285,38,
RL06al,1.191296,6.221769,39,
RL06al,1.191214,6.221612,40,
RL06al,1.191066,6.221377,41,
RL06al,1.190725,6.220891,42,
RL06al,1.19056,6.220655,43,
RL06al,1.190385,6.220402,44,
RL06al,1.18973,6.219456,45,
RL06al,1.189654,6.219363,46,
RL06al,1.189606,6.219331,47,
RL06al,1.189578,6.219283,48,
RL06al,1.189575,6.219228,49,
RL06al,1.189452,6.219063,50,
RL06al,1.188974,6.218388,51,
RL06al,1.188696,6.218015,52,
RL06al,1.188571,6.217862,53,
RL06al,1.188506,6.217786,54,
RL06al,1.18849,6.217779,55,
RL06al,1.188448,6.217747,56,
RL06al,1.188419,6.217703,57,
RL06al,1.188406,6.217635,58,
RL06al,1.188423,6.217568,59,
RL06al,1.188434,6.217338,60,
RL06al,1.188436,6.21709,61,
RL06al,1.188441,6.216792,62,
RL06al,1.188445,6.216623,63,
RL06al,1.188447,6.216246,64,
RL06al,1.188427,6.215657,65,
RL06al,1.188428,6.215621,66,
RL06al,1.188421,6.214943,67,
RL06al,1.188426,6.214193,68,
RL06al,1.18843,6.213532,69,
RL06al,1.18843,6.213166,70,
RL06al,1.18843,6.213015,71,
RL06al,1.18844,6.211899,72,
RL06al,1.188452,6.210781,73,
RL06al,1.188455,6.210673,74,
RL06al,1.18846,6.21053,75,
RL06al,1.188486,6.210381,76,
RL06al,1.188508,6.210252,77,
RL06al,1.188542,6.210133,78,
RL06al,1.18859,6.209985,79,
RL06al,1.188748,6.209609,80,
RL06al,1.188947,6.209142,81,
RL06al,1.189263,6.208429,82,
RL06al,1.189321,6.208285,83,
RL06al,1.189368,6.208154,84,
RL06al,1.189527,6.207612,85,
RL06al,1.189568,6.207465,86,
RL06al,1.189624,6.207241,87,
RL06al,1.189735,6.206812,88,
RL06al,1.189823,6.206476,89,
RL06al,1.189938,6.206069,90,
RL06al,1.190052,6.205756,91,
RL06al,1.190025,6.205714,92,
RL06al,1.190013,6.205666,93,
RL06al,1.190014,6.205616,94,
RL06al,1.190026,6.205578,95,
RL06al,1.190047,6.205543,96,
RL06al,1.190075,6.205514,97,
RL06al,1.190105,6.205494,98,
RL06al,1.190144,6.205331,99,
RL06al,1.190253,6.204928,100,
RL06al,1.190308,6.20472,101,
RL06al,1.190402,6.204342,102,
RL06al,1.190457,6.204124,103,
RL06al,1.190544,6.203825,104,
RL06al,1.190617,6.203639,105,
RL06al,1.19067,6.203524,106,
RL06al,1.190735,6.20342,107,
RL06al,1.190855,6.20325,108,
RL06al,1.190863,6.2032,109,
RL06al,1.190887,6.203155,110,
RL06al,1.190924,6.203119,111,
RL06al,1.190971,6.203098,112,
RL06al,1.191006,6.203092,113,
RL06al,1.191111,6.203027,114,
RL06al,1.191234,6.20295,115,
RL06al,1.191414,6.202838,116,
RL06al,1.191861,6.202577,117,
RL06al,1.192197,6.202381,118,
RL06al,1.192577,6.202159,119,
RL06al,1.192858,6.202032,120,
RL06al,1.193518,6.201734,121,
RL06al,1.19414,6.201468,122,
RL06al,1.194192,6.201444,123,
RL06al,1.194351,6.20137,124,
RL06al,1.194468,6.201314,125,
RL06al,1.194699,6.201205,126,
RL06al,1.195079,6.200983,127,
RL06al,1.196344,6.200278,128,
RL06al,1.196519,6.20017,129,
RL06al,1.196534,6.200131,130,
RL06al,1.196559,6.200096,131,
RL06al,1.196591,6.200069,132,
RL06al,1.196622,6.200053,133,
RL06al,1.196655,6.200044,134,
RL06al,1.196689,6.200042,135,
RL06al,1.196723,6.200047,136,
RL06al,1.196755,6.200059,137,
RL06al,1.196843,6.200009,138,
RL06al,1.197047,6.199888,139,
RL06al,1.197846,6.199418,140,
RL06al,1.198162,6.199237,141,
RL06al,1.198367,6.199121,142,
RL06al,1.198738,6.198911,143,
RL06al,1.199262,6.198614,144,
RL06al,1.199616,6.198419,145,
RL06al,1.2,6.198222,146,
RL06al,1.200085,6.198179,147,
RL06al,1.200195,6.198124,148,
RL06al,1.200216,6.198089,149,
RL06al,1.200249,6.198062,150,
RL06al,1.200289,6.198049,151,
RL06al,1.200331,6.19805,152,
RL06al,1.20037,6.198065,153,
RL06al,1.200467,6.197999,154,
RL06al,1.200846,6.197804,155,
RL06al,1.201111,6.197656,156,
RL06al,1.201489,6.19743,157,
RL06al,1.201686,6.197326,158,
RL06al,1.202848,6.1967,159,
RL06al,1.203163,6.196525,160,
RL06al,1.203474,6.196352,161,
RL06al,1.204315,6.195884,162,
RL06al,1.205231,6.195373,163,
RL06al,1.206023,6.194922,164,
RL06al,1.206086,6.194884,165,
RL06al,1.206129,6.194857,166,
RL06al,1.206438,6.194661,167,
RL06al,1.206782,6.19449,168,
RL06al,1.207062,6.19438,169,
RL06al,1.207235,6.19433,170,
RL06al,1.207384,6.194299,171,
RL06al,1.207777,6.194267,172,
RL06al,1.208145,6.194253,173,
RL06al,1.208212,6.194253,174,
RL06al,1.208483,6.194252,175,
RL06al,1.208651,6.194251,176,
RL06al,1.208736,6.194248,177,
RL06al,1.20881,6.194239,178,
RL06al,1.208841,6.194234,179,
RL06al,1.208887,6.194224,180,
RL06al,1.208934,6.194204,181,
RL06al,1.209015,6.194168,182,
RL06al,1.209034,6.194072,183,
RL06al,1.209032,6.194007,184,
RL06al,1.209042,6.193926,185,
RL06al,1.209048,6.193896,186,
RL06al,1.209062,6.193746,187,
RL06al,1.209042,6.193663,188,
RL06al,1.209028,6.193606,189,
RL06al,1.209004,6.193482,190,
RL06al,1.208948,6.193197,191,
RL06al,1.208734,6.192344,192,
RL06al,1.208696,6.192192,193,
RL06al,1.208554,6.191622,194,
RL06al,1.208544,6.191583,195,
RL06al,1.208486,6.191347,196,
RL06al,1.208481,6.191327,197,
RL06al,1.208366,6.190867,198,
RL06al,1.208293,6.190573,199,
RL06al,1.208258,6.190435,200,
RL06al,1.208072,6.18971,201,
RL06al,1.207938,6.189158,202,
RL06al,1.207834,6.188766,203,
RL06al,1.207783,6.188558,204,
RL06al,1.207721,6.188283,205,
RL06al,1.207635,6.187865,206,
RL06al,1.207545,6.187538,207,
RL06al,1.207463,6.187243,208,
RL06al,1.207423,6.187067,209,
RL06al,1.207396,6.18699,210,
RL06al,1.207316,6.186638,211,
RL06al,1.207211,6.186273,212,
RL06al,1.207152,6.18599,213,
RL06al,1.207134,6.18591,214,
RL06al,1.207115,6.185862,215,
RL06al,1.207075,6.185724,216,
RL06al,1.207031,6.185622,217,
RL06al,1.207008,6.185613,218,
RL06al,1.206987,6.185599,219,
RL06al,1.20697,6.185581,220,
RL06al,1.206957,6.18556,221,
RL06al,1.206948,6.185534,222,
RL06al,1.206946,6.185505,223,
RL06al,1.206951,6.185478,224,
RL06al,1.206971,6.185442,225,
RL06al,1.206973,6.185347,226,
RL06al,1.206971,6.18518,227,
RL06al,1.20678,6.184521,228,
RL06al,1.206637,6.183993,229,
RL06al,1.206533,6.183525,230,
RL06al,1.206322,6.182591,231,
RL06al,1.206285,6.182463,232,
RL06al,1.206241,6.182337,233,
RL06al,1.20624,6.182333,234,
RL06al,1.206162,6.182058,235,
RL06al,1.206129,6.181918,236,
RL06al,1.205915,6.181051,237,
RL06al,1.205813,6.180671,238,
RL06al,1.205697,6.180235,239,
RL06al,1.205628,6.179958,240,
RL06al,1.205609,6.179884,241,
RL06al,1.205232,6.178301,242,
RL06al,1.205003,6.177438,243,
RL06al,1.204842,6.176852,244,
RL06al,1.204814,6.176746,245,
RL06al,1.204694,6.176319,246,
RL06al,1.20464,6.176105,247,
RL06al,1.204464,6.175452,248,
RL06al,1.204344,6.174992,249,
RL06al,1.204298,6.174783,250,
RL06al,1.204138,6.174136,251,
RL06al,1.203984,6.173517,252,
RL06al,1.203834,6.172917,253,
RL06al,1.203684,6.172317,254,
RL06al,1.203581,6.17188,255,
RL06al,1.20353,6.171692,256,
RL06al,1.20332,6.170819,257,
RL06al,1.203142,6.170102,258,
RL06al,1.203104,6.169941,259,
RL06al,1.20291,6.16907,260,
RL06al,1.202882,6.168949,261,
RL06al,1.202532,6.167506,262,
RL06al,1.202511,6.16741,263,
RL06al,1.202471,6.16723,264,
RL06al,1.202432,6.167068,265,
RL06al,1.202371,6.166834,266,
RL06al,1.202344,6.166729,267,
RL06al,1.202332,6.166671,268,
RL06al,1.202314,6.166597,269,
RL06al,1.20227,6.166463,270,
RL06al,1.202249,6.166365,271,
RL06al,1.202031,6.166265,272,
RL06al,1.201964,6.166231,273,
RL06al,1.202016,6.166,274,
RL06al,1.202039,6.165892,275,
RL06al,1.202068,6.165609,276,
RL06al,1.20208,6.165418,277,
RL06al,1.202086,6.165125,278,
RL06al,1.202037,6.164082,279,
RL06al,1.201981,6.162997,280,
RL06al,1.201957,6.162638,281,
RL06al,1.201946,6.162376,282,
RL06al,1.201931,6.162105,283,
RL06al,1.201918,6.161869,284,
RL06al,1.201878,6.161262,285,
RL06al,1.201799,6.159922,286,
RL06al,1.201768,6.159356,287,
RL06al,1.201765,6.159245,288,
RL06al,1.201761,6.159138,289,
RL06al,1.201748,6.158889,290,
RL06al,1.201736,6.158539,291,
RL06al,1.201723,6.158268,292,
RL06al,1.201718,6.158134,293,
RL06al,1.201685,6.157605,294,
RL06al,1.20164,6.156932,295,
RL06al,1.201598,6.15624,296,
RL06al,1.20158,6.155855,297,
RL06al,1.201564,6.155463,298,
RL06al,1.201543,6.154945,299,
RL06al,1.201478,6.153805,300,
RL06al,1.201469,6.153631,301,
RL06al,1.201465,6.153441,302,
RL06al,1.201433,6.152659,303,
RL06al,1.201408,6.152189,304,
RL06al,1.201387,6.151691,305,
RL06al,1.201368,6.151153,306,
RL06al,1.201345,6.150657,307,
RL06al,1.201343,6.150421,308,
RL06al,1.201348,6.150308,309,
RL06al,1.201356,6.150179,310,
RL06al,1.201378,6.150045,311,
RL06al,1.20142,6.149807,312,
RL06al,1.201449,6.149668,313,
RL06al,1.201438,6.149651,314,
RL06al,1.201427,6.149621,315,
RL06al,1.201424,6.14959,316,
RL06al,1.20143,6.149558,317,
RL06al,1.201444,6.149529,318,
RL06al,1.201465,6.149505,319,
RL06al,1.201491,6.149487,320,
RL06al,1.201509,6.14948,321,
RL06al,1.201627,6.149155,322,
RL06al,1.201708,6.148989,323,
RL06al,1.201772,6.148873,324,
RL06al,1.201882,6.148689,325,
RL06al,1.201968,6.148571,326,
RL06al,1.202219,6.148249,327,
RL06al,1.202595,6.147832,328,
RL06al,1.2029,6.147477,329,
RL06al,1.20296,6.147405,330,
RL06al,1.203318,6.147004,331,
RL06al,1.203557,6.146735,332,
RL06al,1.203905,6.146343,333,
RL06al,1.2041,6.146136,334,
RL06al,1.20462,6.145603,335,
RL06al,1.204995,6.145216,336,
RL06al,1.205389,6.144805,337,
RL06al,1.205769,6.144388,338,
RL06al,1.206035,6.144105,339,
RL06al,1.206368,6.14375,340,
RL06al,1.206633,6.143456,341,
RL06al,1.20667,6.143413,342,
RL06al,1.206929,6.143159,343,
RL06al,1.207248,6.142803,344,
RL06al,1.207354,6.142676,345,
RL06al,1.207554,6.142448,346,
RL06al,1.20786,6.14211,347,
RL06al,1.207926,6.14199,348,
RL06al,1.20797,6.141931,349,
RL06al,1.208022,6.141871,350,
RL06al,1.208102,6.141786,351,
RL06al,1.208512,6.141439,352,
RL06al,1.208764,6.141192,353,
RL06al,1.208921,6.141018,354,
RL06al,1.209116,6.140764,355,
RL06al,1.209253,6.140555,356,
RL06al,1.209364,6.140371,357,
RL06al,1.209485,6.140143,358,
RL06al,1.209803,6.139504,359,
RL06al,1.210157,6.138864,360,
RL06al,1.210444,6.138338,361,
RL06al,1.210565,6.138083,362,
RL06al,1.210702,6.13775,363,
RL06al,1.210744,6.137614,364,
RL06al,1.210782,6.137417,365,
RL06al,1.210819,6.137245,366,
RL06al,1.210852,6.137123,367,
RL06al,1.210938,6.136672,368,
RL06al,1.211006,6.136371,369,
RL06al,1.21114,6.13574,370,
RL06al,1.211199,6.135436,371,
RL06al,1.211277,6.135088,372,
RL06al,1.211415,6.134442,373,
RL06al,1.211559,6.133761,374,
RL06al,1.211683,6.133137,375,
RL06al,1.2117,6.133052,376,
RL06al,1.211793,6.132608,377,
RL06al,1.2118,6.132577,378,
RL06al,1.211923,6.132017,379,
RL06al,1.211984,6.131711,380,
RL06al,1.212049,6.131389,381,
RL06al,1.212087,6.131212,382,
RL06al,1.212091,6.131196,383,
RL06al,1.212154,6.13089,384,
RL06al,1.212164,6.130829,385,
RL06al,1.212189,6.13067,386,
RL06al,1.212205,6.130592,387,
RL06al,1.212237,6.130432,388,
RL06al,1.212257,6.130348,389,
RL06al,1.212372,6.129838,390,
RL06al,1.213379,6.130461,391,
RL06al,1.213675,6.130626,392,
RL06al,1.213965,6.130808,393,
RL06al,1.214406,6.131074,394,
RL06al,1.214493,6.131132,395,
RL06al,1.21467,6.131245,396,
RL06al,1.215108,6.131513,397,
RL06al,1.215482,6.131741,398,
RL06al,1.215688,6.131871,399,
RL06al,1.216057,6.132102,400,
RL06al,1.216783,6.132552,401,
RL06al,1.216804,6.132564,402,
RL06al,1.216816,6.13257,403,
RL06al,1.216828,6.132575,404,
RL06al,1.216841,6.13258,405,
RL06al,1.216855,6.132585,406,
RL06al,1.216874,6.13259,407,
RL06al,1.216921,6.13265,408,
RL06al,1.21705,6.13255,409,
RL06al,1.217585,6.13215,410,
RL06al,1.217735,6.132038,411,
RL06al,1.217895,6.131577,412,
RL06al,1.218594,6.129589,413,
RL06al,1.218682,6.129339,414,
RL06al,1.218785,6.129092,415,
RL06al,1.219026,6.129433,416,
RL06al,1.219103,6.129432,417,
RL06al,1.219257,6.129469,418,
RL06al,1.219531,6.129508,419,
RL06al,1.219651,6.129536,420,
RL06al,1.219702,6.129392,421,
RL06al,1.21978,6.129142,422,
RL06al,1.219984,6.128559,423,
RL06al,1.220002,6.128504,424,
RL06al,1.22024,6.127775,425,
RL06al,1.220569,6.126803,426,
RL06al,1.220632,6.126626,427,
RL06al,1.221291,6.124725,428,
RL06al,1.221379,6.124471,429,
RL06al,1.221389,6.124443,430,
RL06al,1.221398,6.124414,431,
RL06al,1.221432,6.124314,432,
RL06al,1.221457,6.124244,433,
RL06al,1.221466,6.124219,434,
RL06al,1.221472,6.124201,435,
RL06al,1.221594,6.123845,436,
RL06al,1.221608,6.123806,437,
RL06al,1.221641,6.123713,438,
RL06al,1.221669,6.12363,439,
RL06al,1.221678,6.123602,440,
RL06al,1.221698,6.123544,441,
RL06al,1.221792,6.123273,442,
RL06al,1.221996,6.122638,443,
RL06al,1.222076,6.122371,444,
RL06al,1.222085,6.12234,445,
RL06al,1.222087,6.122333,446,
RL06al,1.222144,6.122142,447,
RL06al,1.222171,6.122041,448,
RL06al,1.222417,6.12214,449,
RL06al,1.222538,6.122186,450,
RL06al,1.22257,6.122196,451,
RL06al,1.222656,6.122225,452,
RL06al,1.222838,6.122261,453,
RL06al,1.222981,6.122283,454,
RL06al,1.223072,6.122281,455,
RL06al,1.223047,6.122391,456,
RL06al,1.22301,6.122521,457,
RL06al,1.222979,6.122629,458,
RL06al,1.222924,6.122803,459,
RL06al,1.22289,6.122928,460,
RL06al,1.22287,6.122998,461,
RL06al,1.222834,6.123123,462,
RL06al,1.222814,6.123196,463,
RL06al,1.22357,6.123419,464,
RL06al,1.224074,6.123583,465,
RL06al,1.224357,6.12368,466,
RL06al,1.22471,6.123799,467,
RL06al,1.224952,6.123881,468,
RL06al,1.224872,6.123975,469,
RL06al,1.224791,6.124078,470,
RL06al,1.22477,6.124111,471,
RL06re,1.22477,6.124111,1,
RL06re,1.224655,6.124298,2,
RL06re,1.224551,6.12446,3,
RL06re,1.224446,6.124601,4,
RL06re,1.224178,6.12504,5,
RL06re,1.224098,6.125172,6,
RL06re,1.223871,6.125497,7,
RL06re,1.223789,6.125617,8,
RL06re,1.223291,6.126369,9,
RL06re,1.223265,6.126404,10,
RL06re,1.223195,6.126502,11,
RL06re,1.22314,6.126577,12,
RL06re,1.222676,6.127262,13,
RL06re,1.221806,6.128448,14,
RL06re,1.221738,6.128533,15,
RL06re,1.221666,6.128638,16,
RL06re,1.221617,6.128683,17,
RL06re,1.221579,6.128768,18,
RL06re,1.221478,6.129097,19,
RL06re,1.22119,6.129911,20,
RL06re,1.221136,6.130039,21,
RL06re,1.221005,6.129998,22,
RL06re,1.220672,6.129881,23,
RL06re,1.219791,6.129574,24,
RL06re,1.219651,6.129536,25,
RL06re,1.219614,6.12961,26,
RL06re,1.219592,6.129653,27,
RL06re,1.219545,6.129802,28,
RL06re,1.21948,6.130008,29,
RL06re,1.219464,6.130056,30,
RL06re,1.219331,6.130437,31,
RL06re,1.219281,6.130592,32,
RL06re,1.21915,6.130881,33,
RL06re,1.219109,6.130952,34,
RL06re,1.219065,6.13101,35,
RL06re,1.219021,6.131057,36,
RL06re,1.21895,6.131126,37,
RL06re,1.218767,6.131268,38,
RL06re,1.217947,6.131878,39,
RL06re,1.217735,6.132038,40,
RL06re,1.217585,6.13215,41,
RL06re,1.21705,6.13255,42,
RL06re,1.216921,6.13265,43,
RL06re,1.216832,6.132711,44,
RL06re,1.216795,6.13274,45,
RL06re,1.216637,6.132863,46,
RL06re,1.21656,6.13292,47,
RL06re,1.216083,6.133291,48,
RL06re,1.215819,6.133488,49,
RL06re,1.215569,6.13368,50,
RL06re,1.215503,6.133728,51,
RL06re,1.215171,6.133964,52,
RL06re,1.214858,6.134185,53,
RL06re,1.214681,6.134324,54,
RL06re,1.214549,6.134429,55,
RL06re,1.214462,6.1345,56,
RL06re,1.21406,6.134795,57,
RL06re,1.213664,6.135095,58,
RL06re,1.213212,6.135454,59,
RL06re,1.212775,6.135773,60,
RL06re,1.212707,6.135827,61,
RL06re,1.212388,6.136076,62,
RL06re,1.212336,6.136116,63,
RL06re,1.211903,6.136441,64,
RL06re,1.211829,6.136495,65,
RL06re,1.211452,6.136787,66,
RL06re,1.21119,6.136999,67,
RL06re,1.211106,6.137079,68,
RL06re,1.211024,6.137174,69,
RL06re,1.210991,6.137221,70,
RL06re,1.210963,6.137277,71,
RL06re,1.210901,6.137461,72,
RL06re,1.21085,6.137648,73,
RL06re,1.210806,6.137787,74,
RL06re,1.210667,6.138114,75,
RL06re,1.210543,6.138377,76,
RL06re,1.210256,6.138907,77,
RL06re,1.209918,6.139553,78,
RL06re,1.209678,6.139991,79,
RL06re,1.209473,6.140405,80,
RL06re,1.209352,6.140601,81,
RL06re,1.20922,6.140804,82,
RL06re,1.209009,6.141068,83,
RL06re,1.208841,6.141262,84,
RL06re,1.208591,6.14149,85,
RL06re,1.208105,6.141882,86,
RL06re,1.208069,6.14192,87,
RL06re,1.208029,6.141971,88,
RL06re,1.207986,6.142038,89,
RL06re,1.207908,6.14215,90,
RL06re,1.207113,6.143042,91,
RL06re,1.206975,6.143187,92,
RL06re,1.206687,6.14351,93,
RL06re,1.206202,6.144043,94,
RL06re,1.205625,6.144656,95,
RL06re,1.204679,6.145639,96,
RL06re,1.204114,6.146208,97,
RL06re,1.203944,6.146381,98,
RL06re,1.203921,6.146406,99,
RL06re,1.20379,6.146558,100,
RL06re,1.203612,6.146764,101,
RL06re,1.203015,6.14744,102,
RL06re,1.202953,6.147511,103,
RL06re,1.202776,6.147718,104,
RL06re,1.202277,6.148289,105,
RL06re,1.202018,6.148612,106,
RL06re,1.201935,6.148724,107,
RL06re,1.201828,6.148905,108,
RL06re,1.201647,6.14927,109,
RL06re,1.201629,6.149323,110,
RL06re,1.201618,6.149372,111,
RL06re,1.201611,6.149492,112,
RL06re,1.201634,6.14951,113,
RL06re,1.201651,6.149532,114,
RL06re,1.201663,6.149558,115,
RL06re,1.201669,6.149582,116,
RL06re,1.201669,6.149606,117,
RL06re,1.201665,6.149629,118,
RL06re,1.201656,6.149652,119,
RL06re,1.201624,6.14969,120,
RL06re,1.20158,6.149713,121,
RL06re,1.201531,6.149716,122,
RL06re,1.201502,6.149826,123,
RL06re,1.201472,6.149999,124,
RL06re,1.201447,6.150191,125,
RL06re,1.201437,6.150326,126,
RL06re,1.201433,6.150477,127,
RL06re,1.201435,6.150725,128,
RL06re,1.201455,6.151158,129,
RL06re,1.201506,6.152299,130,
RL06re,1.201526,6.152824,131,
RL06re,1.201551,6.153445,132,
RL06re,1.201559,6.153634,133,
RL06re,1.201581,6.15407,134,
RL06re,1.201632,6.155071,135,
RL06re,1.201648,6.155467,136,
RL06re,1.201679,6.156246,137,
RL06re,1.201713,6.156932,138,
RL06re,1.201786,6.158012,139,
RL06re,1.201807,6.15854,140,
RL06re,1.201832,6.15914,141,
RL06re,1.201837,6.159253,142,
RL06re,1.201841,6.159353,143,
RL06re,1.201848,6.159517,144,
RL06re,1.201868,6.159918,145,
RL06re,1.20189,6.160321,146,
RL06re,1.20196,6.161412,147,
RL06re,1.201994,6.161942,148,
RL06re,1.202016,6.162288,149,
RL06re,1.202052,6.162994,150,
RL06re,1.202075,6.163453,151,
RL06re,1.202155,6.164852,152,
RL06re,1.202159,6.164994,153,
RL06re,1.202159,6.165128,154,
RL06re,1.202159,6.165221,155,
RL06re,1.202153,6.165512,156,
RL06re,1.202207,6.165938,157,
RL06re,1.20223,6.166093,158,
RL06re,1.202249,6.166365,159,
RL06re,1.20227,6.166463,160,
RL06re,1.202314,6.166597,161,
RL06re,1.202332,6.166671,162,
RL06re,1.202344,6.166729,163,
RL06re,1.202371,6.166834,164,
RL06re,1.202432,6.167068,165,
RL06re,1.202471,6.16723,166,
RL06re,1.202511,6.16741,167,
RL06re,1.202532,6.167506,168,
RL06re,1.202882,6.168949,169,
RL06re,1.20291,6.16907,170,
RL06re,1.203104,6.169941,171,
RL06re,1.203142,6.170102,172,
RL06re,1.20332,6.170819,173,
RL06re,1.20353,6.171692,174,
RL06re,1.203581,6.17188,175,
RL06re,1.203684,6.172317,176,
RL06re,1.203834,6.172917,177,
RL06re,1.203984,6.173517,178,
RL06re,1.204138,6.174136,179,
RL06re,1.204298,6.174783,180,
RL06re,1.204344,6.174992,181,
RL06re,1.204464,6.175452,182,
RL06re,1.20464,6.176105,183,
RL06re,1.204694,6.176319,184,
RL06re,1.204814,6.176746,185,
RL06re,1.204842,6.176852,186,
RL06re,1.205003,6.177438,187,
RL06re,1.205232,6.178301,188,
RL06re,1.205609,6.179884,189,
RL06re,1.205628,6.179958,190,
RL06re,1.205697,6.180235,191,
RL06re,1.205813,6.180671,192,
RL06re,1.205915,6.181051,193,
RL06re,1.206129,6.181918,194,
RL06re,1.206162,6.182058,195,
RL06re,1.20624,6.182333,196,
RL06re,1.206241,6.182337,197,
RL06re,1.206285,6.182463,198,
RL06re,1.206322,6.182591,199,
RL06re,1.206533,6.183525,200,
RL06re,1.206637,6.183993,201,
RL06re,1.20678,6.184521,202,
RL06re,1.206971,6.18518,203,
RL06re,1.207059,6.185338,204,
RL06re,1.207092,6.185403,205,
RL06re,1.207138,6.185429,206,
RL06re,1.207153,6.185452,207,
RL06re,1.207167,6.185473,208,
RL06re,1.207173,6.185525,209,
RL06re,1.207155,6.185575,210,
RL06re,1.207134,6.185598,211,
RL06re,1.207107,6.185615,212,
RL06re,1.207098,6.185619,213,
RL06re,1.207134,6.185721,214,
RL06re,1.207144,6.185757,215,
RL06re,1.207148,6.185799,216,
RL06re,1.207134,6.18591,217,
RL06re,1.207152,6.18599,218,
RL06re,1.207211,6.186273,219,
RL06re,1.207316,6.186638,220,
RL06re,1.207396,6.18699,221,
RL06re,1.207423,6.187067,222,
RL06re,1.207463,6.187243,223,
RL06re,1.207545,6.187538,224,
RL06re,1.207635,6.187865,225,
RL06re,1.207721,6.188283,226,
RL06re,1.207783,6.188558,227,
RL06re,1.207834,6.188766,228,
RL06re,1.207938,6.189158,229,
RL06re,1.208072,6.18971,230,
RL06re,1.208258,6.190435,231,
RL06re,1.208293,6.190573,232,
RL06re,1.208366,6.190867,233,
RL06re,1.208481,6.191327,234,
RL06re,1.208486,6.191347,235,
RL06re,1.208544,6.191583,236,
RL06re,1.208554,6.191622,237,
RL06re,1.208696,6.192192,238,
RL06re,1.208734,6.192344,239,
RL06re,1.208948,6.193197,240,
RL06re,1.209014,6.19336,241,
RL06re,1.2091,6.193497,242,
RL06re,1.209153,6.193546,243,
RL06re,1.209337,6.193722,244,
RL06re,1.209364,6.193739,245,
RL06re,1.209399,6.193765,246,
RL06re,1.209428,6.193803,247,
RL06re,1.209449,6.19384,248,
RL06re,1.209464,6.19388,249,
RL06re,1.209473,6.193955,250,
RL06re,1.209463,6.194036,251,
RL06re,1.209444,6.194093,252,
RL06re,1.209405,6.19416,253,
RL06re,1.209355,6.194217,254,
RL06re,1.20932,6.194235,255,
RL06re,1.2093,6.19436,256,
RL06re,1.209196,6.194354,257,
RL06re,1.209114,6.194357,258,
RL06re,1.20906,6.194357,259,
RL06re,1.208992,6.194355,260,
RL06re,1.208954,6.194352,261,
RL06re,1.208809,6.194354,262,
RL06re,1.208705,6.194355,263,
RL06re,1.208577,6.194351,264,
RL06re,1.208483,6.194349,265,
RL06re,1.208238,6.194346,266,
RL06re,1.208194,6.194344,267,
RL06re,1.207781,6.194351,268,
RL06re,1.207508,6.194372,269,
RL06re,1.207428,6.194381,270,
RL06re,1.207257,6.19443,271,
RL06re,1.207072,6.194492,272,
RL06re,1.206792,6.194604,273,
RL06re,1.206437,6.194776,274,
RL06re,1.206155,6.194925,275,
RL06re,1.206093,6.194967,276,
RL06re,1.205939,6.195064,277,
RL06re,1.205271,6.195453,278,
RL06re,1.204349,6.195959,279,
RL06re,1.20366,6.196341,280,
RL06re,1.202891,6.196771,281,
RL06re,1.20244,6.197015,282,
RL06re,1.201764,6.197381,283,
RL06re,1.20152,6.197524,284,
RL06re,1.201167,6.197732,285,
RL06re,1.200893,6.197883,286,
RL06re,1.200492,6.198123,287,
RL06re,1.200428,6.198169,288,
RL06re,1.20042,6.19821,289,
RL06re,1.200399,6.198246,290,
RL06re,1.200366,6.198272,291,
RL06re,1.200326,6.198286,292,
RL06re,1.20031,6.198286,293,
RL06re,1.200284,6.198285,294,
RL06re,1.200093,6.1984,295,
RL06re,1.199889,6.198527,296,
RL06re,1.19947,6.198788,297,
RL06re,1.198855,6.199139,298,
RL06re,1.19837,6.199417,299,
RL06re,1.197122,6.200103,300,
RL06re,1.196914,6.200218,301,
RL06re,1.196841,6.200262,302,
RL06re,1.196827,6.200291,303,
RL06re,1.196808,6.200318,304,
RL06re,1.196785,6.20034,305,
RL06re,1.196757,6.200357,306,
RL06re,1.196712,6.200372,307,
RL06re,1.196664,6.200374,308,
RL06re,1.196464,6.200488,309,
RL06re,1.19619,6.200642,310,
RL06re,1.194816,6.201412,311,
RL06re,1.194687,6.201481,312,
RL06re,1.194445,6.201595,313,
RL06re,1.194242,6.201691,314,
RL06re,1.193608,6.201954,315,
RL06re,1.192884,6.202281,316,
RL06re,1.192722,6.20236,317,
RL06re,1.191957,6.202782,318,
RL06re,1.19158,6.20299,319,
RL06re,1.191379,6.203121,320,
RL06re,1.191242,6.203203,321,
RL06re,1.191173,6.20325,322,
RL06re,1.191172,6.203277,323,
RL06re,1.191157,6.203321,324,
RL06re,1.191131,6.203359,325,
RL06re,1.191095,6.203387,326,
RL06re,1.191052,6.203404,327,
RL06re,1.191029,6.203408,328,
RL06re,1.190878,6.203647,329,
RL06re,1.190847,6.203701,330,
RL06re,1.190823,6.203763,331,
RL06re,1.190385,6.2054,332,
RL06re,1.190336,6.205568,333,
RL06re,1.19035,6.205605,334,
RL06re,1.190355,6.205645,335,
RL06re,1.190349,6.205694,336,
RL06re,1.190328,6.205739,337,
RL06re,1.190296,6.205776,338,
RL06re,1.190254,6.205803,339,
RL06re,1.190237,6.205809,340,
RL06re,1.190219,6.205814,341,
RL06re,1.190183,6.206047,342,
RL06re,1.190165,6.206144,343,
RL06re,1.190115,6.206345,344,
RL06re,1.18995,6.206972,345,
RL06re,1.1899,6.20714,346,
RL06re,1.189874,6.207266,347,
RL06re,1.189818,6.207481,348,
RL06re,1.189793,6.207576,349,
RL06re,1.189746,6.207743,350,
RL06re,1.189651,6.208084,351,
RL06re,1.189565,6.208334,352,
RL06re,1.18936,6.208816,353,
RL06re,1.189001,6.209697,354,
RL06re,1.188832,6.210084,355,
RL06re,1.188783,6.210214,356,
RL06re,1.188755,6.210317,357,
RL06re,1.188704,6.210557,358,
RL06re,1.188669,6.210822,359,
RL06re,1.188661,6.210948,360,
RL06re,1.188669,6.212308,361,
RL06re,1.188679,6.212837,362,
RL06re,1.188674,6.213011,363,
RL06re,1.18868,6.213411,364,
RL06re,1.188681,6.213645,365,
RL06re,1.188683,6.213725,366,
RL06re,1.188689,6.214109,367,
RL06re,1.188682,6.214973,368,
RL06re,1.188687,6.215627,369,
RL06re,1.188677,6.21632,370,
RL06re,1.188668,6.216794,371,
RL06re,1.188679,6.21737,372,
RL06re,1.188693,6.21755,373,
RL06re,1.188714,6.217591,374,
RL06re,1.188721,6.217637,375,
RL06re,1.188776,6.217745,376,
RL06re,1.18887,6.217874,377,
RL06re,1.18915,6.218255,378,
RL06re,1.189363,6.218514,379,
RL06re,1.189747,6.219137,380,
RL06re,1.18979,6.219168,381,
RL06re,1.189809,6.219197,382,
RL06re,1.189819,6.219231,383,
RL06re,1.189819,6.219258,384,
RL06re,1.189923,6.219377,385,
RL06re,1.190548,6.220205,386,
RL06re,1.190842,6.220615,387,
RL06re,1.191152,6.221048,388,
RL06re,1.191278,6.221258,389,
RL06re,1.19142,6.221515,390,
RL06re,1.191508,6.221686,391,
RL06re,1.191792,6.222293,392,
RL06re,1.192742,6.22419,393,
RL06re,1.192846,6.224396,394,
RL06re,1.19303,6.224818,395,
RL06re,1.193173,6.225143,396,
RL06re,1.193227,6.225262,397,
RL06re,1.193244,6.225288,398,
RL06re,1.193254,6.225318,399,
RL06re,1.193256,6.22535,400,
RL06re,1.193249,6.225381,401,
RL06re,1.193316,6.225485,402,
RL06re,1.193629,6.226071,403,
RL06re,1.193891,6.226582,404,
RL06re,1.193934,6.22667,405,
RL06re,1.193981,6.226766,406,
RL06re,1.194501,6.227836,407,
RL06re,1.194634,6.228129,408,
RL06re,1.194776,6.22844,409,
RL06re,1.194851,6.228583,410,
RL06re,1.194884,6.228645,411,
RL06re,1.195021,6.228903,412,
RL06re,1.195359,6.229619,413,
RL06re,1.195731,6.230406,414,
RL06re,1.195762,6.230472,415,
RL06re,1.195795,6.230544,416,
RL06re,1.195895,6.230747,417,
RL06re,1.195947,6.230848,418,
RL06re,1.196016,6.230953,419,
RL06re,1.196163,6.23111,420,
RL06re,1.196924,6.231813,421,
RL12al,1.168648,6.218877,1,
RL12al,1.168796,6.21871,2,
RL12al,1.168926,6.218595,3,
RL12al,1.169019,6.218516,4,
RL12al,1.169268,6.218297,5,
RL12al,1.170328,6.217372,6,
RL12al,1.170777,6.216995,7,
RL12al,1.170991,6.216806,8,
RL12al,1.171326,6.216519,9,
RL12al,1.171505,6.216372,10,
RL12al,1.172025,6.215918,11,
RL12al,1.172304,6.21568,12,
RL12al,1.172536,6.215485,13,
RL12al,1.17304,6.215054,14,
RL12al,1.173608,6.214561,15,
RL12al,1.17403,6.214207,16,
RL12al,1.17451,6.213777,17,
RL12al,1.174992,6.213356,18,
RL12al,1.175087,6.21327,19,
RL12al,1.175089,6.213247,20,
RL12al,1.175099,6.213227,21,
RL12al,1.175115,6.213211,22,
RL12al,1.175135,6.213202,23,
RL12al,1.175158,6.2132,24,
RL12al,1.17518,6.213206,25,
RL12al,1.175353,6.213046,26,
RL12al,1.175655,6.212791,27,
RL12al,1.175921,6.21257,28,
RL12al,1.176311,6.212236,29,
RL12al,1.176811,6.211794,30,
RL12al,1.176859,6.211744,31,
RL12al,1.176854,6.211718,32,
RL12al,1.176858,6.211691,33,
RL12al,1.176869,6.211667,34,
RL12al,1.176887,6.211648,35,
RL12al,1.17691,6.211635,36,
RL12al,1.176936,6.21163,37,
RL12al,1.176963,6.211634,38,
RL12al,1.176987,6.211645,39,
RL12al,1.177062,6.211572,40,
RL12al,1.177377,6.211294,41,
RL12al,1.178329,6.210518,42,
RL12al,1.17858,6.210297,43,
RL12al,1.178811,6.210093,44,
RL12al,1.178997,6.209927,45,
RL12al,1.179129,6.209821,46,
RL12al,1.179226,6.209737,47,
RL12al,1.179332,6.209651,48,
RL12al,1.179651,6.209392,49,
RL12al,1.179887,6.20918,50,
RL12al,1.180166,6.208942,51,
RL12al,1.180366,6.208757,52,
RL12al,1.180698,6.208477,53,
RL12al,1.180871,6.208328,54,
RL12al,1.18106,6.208163,55,
RL12al,1.181282,6.207971,56,
RL12al,1.181508,6.207776,57,
RL12al,1.181726,6.207586,58,
RL12al,1.181796,6.207526,59,
RL12al,1.181919,6.20742,60,
RL12al,1.182164,6.207212,61,
RL12al,1.182325,6.207073,62,
RL12al,1.182434,6.206977,63,
RL12al,1.182451,6.206948,64,
RL12al,1.182425,6.206749,65,
RL12al,1.182402,6.206584,66,
RL12al,1.182349,6.206317,67,
RL12al,1.182292,6.206039,68,
RL12al,1.182213,6.205729,69,
RL12al,1.182169,6.205515,70,
RL12al,1.182087,6.205121,71,
RL12al,1.181997,6.204693,72,
RL12al,1.181893,6.204203,73,
RL12al,1.181788,6.203711,74,
RL12al,1.181743,6.203491,75,
RL12al,1.181727,6.203418,76,
RL12al,1.181713,6.20336,77,
RL12al,1.181671,6.203168,78,
RL12al,1.181589,6.202797,79,
RL12al,1.181512,6.202447,80,
RL12al,1.181439,6.202071,81,
RL12al,1.18129,6.201447,82,
RL12al,1.181227,6.201159,83,
RL12al,1.181161,6.200703,84,
RL12al,1.181146,6.200691,85,
RL12al,1.18113,6.200669,86,
RL12al,1.181119,6.200644,87,
RL12al,1.181114,6.200626,88,
RL12al,1.181113,6.200608,89,
RL12al,1.181114,6.20059,90,
RL12al,1.181131,6.200542,91,
RL12al,1.181166,6.200505,92,
RL12al,1.181213,6.200486,93,
RL12al,1.181263,6.200486,94,
RL12al,1.18129,6.200496,95,
RL12al,1.181314,6.200511,96,
RL12al,1.181339,6.200538,97,
RL12al,1.181354,6.20057,98,
RL12al,1.18136,6.200606,99,
RL12al,1.181354,6.200643,100,
RL12al,1.181444,6.200766,101,
RL12al,1.181569,6.200906,102,
RL12al,1.181883,6.201236,103,
RL12al,1.181962,6.20132,104,
RL12al,1.182048,6.20141,105,
RL12al,1.182516,6.201869,106,
RL12al,1.182851,6.202187,107,
RL12al,1.183199,6.202503,108,
RL12al,1.183523,6.202802,109,
RL12al,1.183795,6.203053,110,
RL12al,1.184276,6.203495,111,
RL12al,1.184461,6.203662,112,
RL12al,1.184997,6.204131,113,
RL12al,1.185125,6.20423,114,
RL12al,1.185225,6.204303,115,
RL12al,1.185323,6.204363,116,
RL12al,1.185432,6.204409,117,
RL12al,1.185555,6.204454,118,
RL12al,1.185703,6.204488,119,
RL12al,1.186053,6.204563,120,
RL12al,1.186514,6.204665,121,
RL12al,1.186847,6.204741,122,
RL12al,1.186838,6.204673,123,
RL12al,1.186849,6.204605,124,
RL12al,1.187063,6.204109,125,
RL12al,1.187126,6.20396,126,
RL12al,1.18724,6.203692,127,
RL12al,1.187405,6.203305,128,
RL12al,1.187547,6.202964,129,
RL12al,1.187952,6.201967,130,
RL12al,1.188047,6.201663,131,
RL12al,1.188134,6.201276,132,
RL12al,1.188213,6.200873,133,
RL12al,1.188312,6.200277,134,
RL12al,1.188364,6.19998,135,
RL12al,1.188413,6.199647,136,
RL12al,1.188462,6.199371,137,
RL12al,1.188513,6.198814,138,
RL12al,1.188518,6.198756,139,
RL12al,1.188543,6.198451,140,
RL12al,1.188564,6.198116,141,
RL12al,1.188577,6.197932,142,
RL12al,1.188634,6.197226,143,
RL12al,1.188709,6.196362,144,
RL12al,1.188752,6.196014,145,
RL12al,1.188761,6.195924,146,
RL12al,1.188734,6.19585,147,
RL12al,1.188712,6.195796,148,
RL12al,1.188661,6.195695,149,
RL12al,1.188641,6.195681,150,
RL12al,1.188611,6.195648,151,
RL12al,1.188591,6.195609,152,
RL12al,1.188584,6.195565,153,
RL12al,1.188588,6.195521,154,
RL12al,1.188604,6.19548,155,
RL12al,1.188635,6.195442,156,
RL12al,1.188675,6.195415,157,
RL12al,1.188722,6.195401,158,
RL12al,1.188771,6.195403,159,
RL12al,1.188845,6.195322,160,
RL12al,1.188937,6.195207,161,
RL12al,1.189035,6.195068,162,
RL12al,1.18932,6.194707,163,
RL12al,1.189745,6.194047,164,
RL12al,1.189917,6.193792,165,
RL12al,1.190047,6.193588,166,
RL12al,1.190356,6.193101,167,
RL12al,1.190535,6.192785,168,
RL12al,1.190688,6.192505,169,
RL12al,1.190932,6.192019,170,
RL12al,1.191191,6.191449,171,
RL12al,1.191219,6.191383,172,
RL12al,1.191328,6.191099,173,
RL12al,1.191406,6.190903,174,
RL12al,1.191497,6.190717,175,
RL12al,1.191615,6.190486,176,
RL12al,1.191715,6.190272,177,
RL12al,1.191852,6.190007,178,
RL12al,1.192067,6.189517,179,
RL12al,1.192286,6.188905,180,
RL12al,1.192703,6.187927,181,
RL12al,1.192966,6.187295,182,
RL12al,1.192996,6.187211,183,
RL12al,1.193237,6.186724,184,
RL12al,1.193415,6.186305,185,
RL12al,1.193585,6.185923,186,
RL12al,1.194027,6.184846,187,
RL12al,1.194178,6.184435,188,
RL12al,1.194251,6.184228,189,
RL12al,1.194702,6.182761,190,
RL12al,1.194718,6.182714,191,
RL12al,1.194738,6.182654,192,
RL12al,1.194771,6.182575,193,
RL12al,1.194821,6.182435,194,
RL12al,1.195247,6.181071,195,
RL12al,1.195394,6.180633,196,
RL12al,1.195636,6.180051,197,
RL12al,1.195749,6.179807,198,
RL12al,1.196068,6.17912,199,
RL12al,1.196522,6.178111,200,
RL12al,1.196707,6.177702,201,
RL12al,1.197299,6.176455,202,
RL12al,1.197764,6.175423,203,
RL12al,1.197941,6.175009,204,
RL12al,1.198101,6.174575,205,
RL12al,1.19829,6.174042,206,
RL12al,1.198628,6.172978,207,
RL12al,1.198983,6.17166,208,
RL12al,1.199293,6.170485,209,
RL12al,1.19932,6.170379,210,
RL12al,1.199369,6.170199,211,
RL12al,1.199411,6.170067,212,
RL12al,1.199423,6.170007,213,
RL12al,1.199389,6.169972,214,
RL12al,1.199375,6.169943,215,
RL12al,1.19937,6.169912,216,
RL12al,1.199373,6.16988,217,
RL12al,1.199398,6.169833,218,
RL12al,1.199441,6.1698,219,
RL12al,1.199478,6.169789,220,
RL12al,1.199506,6.169681,221,
RL12al,1.19953,6.169579,222,
RL12al,1.199547,6.169491,223,
RL12al,1.199552,6.169453,224,
RL12al,1.199552,6.169436,225,
RL12al,1.199548,6.169388,226,
RL12al,1.199523,6.169254,227,
RL12al,1.199562,6.169236,228,
RL12al,1.199605,6.169214,229,
RL12al,1.199637,6.169196,230,
RL12al,1.199679,6.16917,231,
RL12al,1.199839,6.169084,232,
RL12al,1.200153,6.16887,233,
RL12al,1.200386,6.168702,234,
RL12al,1.200667,6.168468,235,
RL12al,1.2009,6.168238,236,
RL12al,1.201099,6.168018,237,
RL12al,1.20125,6.16782,238,
RL12al,1.201411,6.167589,239,
RL12al,1.201467,6.167501,240,
RL12al,1.201528,6.167395,241,
RL12al,1.201632,6.167198,242,
RL12al,1.201706,6.167039,243,
RL12al,1.201755,6.166924,244,
RL12al,1.201824,6.16676,245,
RL12al,1.201831,6.166682,246,
RL12al,1.20185,6.166608,247,
RL12al,1.201964,6.166231,248,
RL12al,1.202016,6.166,249,
RL12al,1.202039,6.165892,250,
RL12al,1.202068,6.165609,251,
RL12al,1.20208,6.165418,252,
RL12al,1.202086,6.165125,253,
RL12al,1.202037,6.164082,254,
RL12al,1.201981,6.162997,255,
RL12al,1.201957,6.162638,256,
RL12al,1.201946,6.162376,257,
RL12al,1.201931,6.162105,258,
RL12al,1.201918,6.161869,259,
RL12al,1.201878,6.161262,260,
RL12al,1.201799,6.159922,261,
RL12al,1.201768,6.159356,262,
RL12al,1.201765,6.159245,263,
RL12al,1.201761,6.159138,264,
RL12al,1.201748,6.158889,265,
RL12al,1.201736,6.158539,266,
RL12al,1.201723,6.158268,267,
RL12al,1.201718,6.158134,268,
RL12al,1.201685,6.157605,269,
RL12al,1.20164,6.156932,270,
RL12al,1.201598,6.15624,271,
RL12al,1.20158,6.155855,272,
RL12al,1.201564,6.155463,273,
RL12al,1.201543,6.154945,274,
RL12al,1.201478,6.153805,275,
RL12al,1.201469,6.153631,276,
RL12al,1.201465,6.153441,277,
RL12al,1.201433,6.152659,278,
RL12al,1.201408,6.152189,279,
RL12al,1.201387,6.151691,280,
RL12al,1.201368,6.151153,281,
RL12al,1.201345,6.150657,282,
RL12al,1.201343,6.150421,283,
RL12al,1.201348,6.150308,284,
RL12al,1.201356,6.150179,285,
RL12al,1.201378,6.150045,286,
RL12al,1.20142,6.149807,287,
RL12al,1.201449,6.149668,288,
RL12al,1.201438,6.149651,289,
RL12al,1.201427,6.149621,290,
RL12al,1.201424,6.14959,291,
RL12al,1.20143,6.149558,292,
RL12al,1.201444,6.149529,293,
RL12al,1.201465,6.149505,294,
RL12al,1.201491,6.149487,295,
RL12al,1.201509,6.14948,296,
RL12al,1.201627,6.149155,297,
RL12al,1.201708,6.148989,298,
RL12al,1.201772,6.148873,299,
RL12al,1.201882,6.148689,300,
RL12al,1.201968,6.148571,301,
RL12al,1.202219,6.148249,302,
RL12al,1.202595,6.147832,303,
RL12al,1.2029,6.147477,304,
RL12al,1.20296,6.147405,305,
RL12al,1.203318,6.147004,306,
RL12al,1.203557,6.146735,307,
RL12al,1.203905,6.146343,308,
RL12al,1.2041,6.146136,309,
RL12al,1.20462,6.145603,310,
RL12al,1.204995,6.145216,311,
RL12al,1.205389,6.144805,312,
RL12al,1.205769,6.144388,313,
RL12al,1.206035,6.144105,314,
RL12al,1.206368,6.14375,315,
RL12al,1.206633,6.143456,316,
RL12al,1.20667,6.143413,317,
RL12al,1.206929,6.143159,318,
RL12al,1.207248,6.142803,319,
RL12al,1.207354,6.142676,320,
RL12al,1.207554,6.142448,321,
RL12al,1.20786,6.14211,322,
RL12al,1.207926,6.14199,323,
RL12al,1.20797,6.141931,324,
RL12al,1.208022,6.141871,325,
RL12al,1.208102,6.141786,326,
RL12al,1.208512,6.141439,327,
RL12al,1.208764,6.141192,328,
RL12al,1.208921,6.141018,329,
RL12al,1.209116,6.140764,330,
RL12al,1.209253,6.140555,331,
RL12al,1.209364,6.140371,332,
RL12al,1.209485,6.140143,333,
RL12al,1.209803,6.139504,334,
RL12al,1.210157,6.138864,335,
RL12al,1.210444,6.138338,336,
RL12al,1.210565,6.138083,337,
RL12al,1.210702,6.13775,338,
RL12al,1.210744,6.137614,339,
RL12al,1.210782,6.137417,340,
RL12al,1.210819,6.137245,341,
RL12al,1.210852,6.137123,342,
RL12al,1.210938,6.136672,343,
RL12al,1.211006,6.136371,344,
RL12al,1.21114,6.13574,345,
RL12al,1.211199,6.135436,346,
RL12al,1.211277,6.135088,347,
RL12al,1.211415,6.134442,348,
RL12al,1.211559,6.133761,349,
RL12al,1.211683,6.133137,350,
RL12al,1.2117,6.133052,351,
RL12al,1.211793,6.132608,352,
RL12al,1.2118,6.132577,353,
RL12al,1.211923,6.132017,354,
RL12al,1.211984,6.131711,355,
RL12al,1.212049,6.131389,356,
RL12al,1.212087,6.131212,357,
RL12al,1.212091,6.131196,358,
RL12al,1.212154,6.13089,359,
RL12al,1.212164,6.130829,360,
RL12al,1.212189,6.13067,361,
RL12al,1.212205,6.130592,362,
RL12al,1.212237,6.130432,363,
RL12al,1.212257,6.130348,364,
RL12al,1.212372,6.129838,365,
RL12al,1.213379,6.130461,366,
RL12al,1.213675,6.130626,367,
RL12al,1.213965,6.130808,368,
RL12al,1.214406,6.131074,369,
RL12al,1.214493,6.131132,370,
RL12al,1.21467,6.131245,371,
RL12al,1.215108,6.131513,372,
RL12al,1.215482,6.131741,373,
RL12al,1.215688,6.131871,374,
RL12al,1.216057,6.132102,375,
RL12al,1.216783,6.132552,376,
RL12al,1.216804,6.132564,377,
RL12al,1.216816,6.13257,378,
RL12al,1.216828,6.132575,379,
RL12al,1.216841,6.13258,380,
RL12al,1.216855,6.132585,381,
RL12al,1.216874,6.13259,382,
RL12al,1.216921,6.13265,383,
RL12al,1.21705,6.13255,384,
RL12al,1.217585,6.13215,385,
RL12al,1.217735,6.132038,386,
RL12al,1.217895,6.131577,387,
RL12al,1.218594,6.129589,388,
RL12al,1.218682,6.129339,389,
RL12al,1.218785,6.129092,390,
RL12al,1.219026,6.129433,391,
RL12al,1.219103,6.129432,392,
RL12al,1.219257,6.129469,393,
RL12al,1.219531,6.129508,394,
RL12al,1.219651,6.129536,395,
RL12al,1.219702,6.129392,396,
RL12al,1.21978,6.129142,397,
RL12al,1.219984,6.128559,398,
RL12al,1.220002,6.128504,399,
RL12al,1.22024,6.127775,400,
RL12al,1.220569,6.126803,401,
RL12al,1.220632,6.126626,402,
RL12al,1.221291,6.124725,403,
RL12al,1.221379,6.124471,404,
RL12al,1.221389,6.124443,405,
RL12al,1.221398,6.124414,406,
RL12al,1.221432,6.124314,407,
RL12al,1.221457,6.124244,408,
RL12al,1.221466,6.124219,409,
RL12al,1.221472,6.124201,410,
RL12al,1.221594,6.123845,411,
RL12al,1.221608,6.123806,412,
RL12al,1.221641,6.123713,413,
RL12al,1.221669,6.12363,414,
RL12al,1.221678,6.123602,415,
RL12al,1.221698,6.123544,416,
RL12al,1.221792,6.123273,417,
RL12al,1.221996,6.122638,418,
RL12al,1.222076,6.122371,419,
RL12al,1.222085,6.12234,420,
RL12al,1.222087,6.122333,421,
RL12al,1.222144,6.122142,422,
RL12al,1.222171,6.122041,423,
RL12al,1.222417,6.12214,424,
RL12al,1.222538,6.122186,425,
RL12al,1.22257,6.122196,426,
RL12al,1.222656,6.122225,427,
RL12al,1.222838,6.122261,428,
RL12al,1.222981,6.122283,429,
RL12al,1.223072,6.122281,430,
RL12al,1.223047,6.122391,431,
RL12al,1.22301,6.122521,432,
RL12al,1.222979,6.122629,433,
RL12al,1.222924,6.122803,434,
RL12al,1.22289,6.122928,435,
RL12al,1.22287,6.122998,436,
RL12al,1.222834,6.123123,437,
RL12al,1.222814,6.123196,438,
RL12al,1.22357,6.123419,439,
RL12al,1.224074,6.123583,440,
RL12al,1.224357,6.12368,441,
RL12al,1.22471,6.123799,442,
RL12al,1.224952,6.123881,443,
RL12al,1.224872,6.123975,444,
RL12al,1.224791,6.124078,445,
RL12al,1.22477,6.124111,446,
RL12re,1.22477,6.124111,1,
RL12re,1.224655,6.124298,2,
RL12re,1.224551,6.12446,3,
RL12re,1.224446,6.124601,4,
RL12re,1.224178,6.12504,5,
RL12re,1.224098,6.125172,6,
RL12re,1.223871,6.125497,7,
RL12re,1.223789,6.125617,8,
RL12re,1.223291,6.126369,9,
RL12re,1.223265,6.126404,10,
RL12re,1.223195,6.126502,11,
RL12re,1.22314,6.126577,12,
RL12re,1.222676,6.127262,13,
RL12re,1.221806,6.128448,14,
RL12re,1.221738,6.128533,15,
RL12re,1.221666,6.128638,16,
RL12re,1.221617,6.128683,17,
RL12re,1.221579,6.128768,18,
RL12re,1.221478,6.129097,19,
RL12re,1.22119,6.129911,20,
RL12re,1.221136,6.130039,21,
RL12re,1.221005,6.129998,22,
RL12re,1.220672,6.129881,23,
RL12re,1.219791,6.129574,24,
RL12re,1.219651,6.129536,25,
RL12re,1.219614,6.12961,26,
RL12re,1.219592,6.129653,27,
RL12re,1.219545,6.129802,28,
RL12re,1.21948,6.130008,29,
RL12re,1.219464,6.130056,30,
RL12re,1.219331,6.130437,31,
RL12re,1.219281,6.130592,32,
RL12re,1.21915,6.130881,33,
RL12re,1.219109,6.130952,34,
RL12re,1.219065,6.13101,35,
RL12re,1.219021,6.131057,36,
RL12re,1.21895,6.131126,37,
RL12re,1.218767,6.131268,38,
RL12re,1.217947,6.131878,39,
RL12re,1.217735,6.132038,40,
RL12re,1.217585,6.13215,41,
RL12re,1.21705,6.13255,42,
RL12re,1.216921,6.13265,43,
RL12re,1.216832,6.132711,44,
RL12re,1.216795,6.13274,45,
RL12re,1.216637,6.132863,46,
RL12re,1.21656,6.13292,47,
RL12re,1.216083,6.133291,48,
RL12re,1.215819,6.133488,49,
RL12re,1.215569,6.13368,50,
RL12re,1.215503,6.133728,51,
RL12re,1.215171,6.133964,52,
RL12re,1.214858,6.134185,53,
RL12re,1.214681,6.134324,54,
RL12re,1.214549,6.134429,55,
RL12re,1.214462,6.1345,56,
RL12re,1.21406,6.134795,57,
RL12re,1.213664,6.135095,58,
RL12re,1.213212,6.135454,59,
RL12re,1.212775,6.135773,60,
RL12re,1.212707,6.135827,61,
RL12re,1.212388,6.136076,62,
RL12re,1.212336,6.136116,63,
RL12re,1.211903,6.136441,64,
RL12re,1.211829,6.136495,65,
RL12re,1.211452,6.136787,66,
RL12re,1.21119,6.136999,67,
RL12re,1.211106,6.137079,68,
RL12re,1.211024,6.137174,69,
RL12re,1.210991,6.137221,70,
RL12re,1.210963,6.137277,71,
RL12re,1.210901,6.137461,72,
RL12re,1.21085,6.137648,73,
RL12re,1.210806,6.137787,74,
RL12re,1.210667,6.138114,75,
RL12re,1.210543,6.138377,76,
RL12re,1.210256,6.138907,77,
RL12re,1.209918,6.139553,78,
RL12re,1.209678,6.139991,79,
RL12re,1.209473,6.140405,80,
RL12re,1.209352,6.140601,81,
RL12re,1.20922,6.140804,82,
RL12re,1.209009,6.141068,83,
RL12re,1.208841,6.141262,84,
RL12re,1.208591,6.14149,85,
RL12re,1.208105,6.141882,86,
RL12re,1.208069,6.14192,87,
RL12re,1.208029,6.141971,88,
RL12re,1.207986,6.142038,89,
RL12re,1.207908,6.14215,90,
RL12re,1.207113,6.143042,91,
RL12re,1.206975,6.143187,92,
RL12re,1.206687,6.14351,93,
RL12re,1.206202,6.144043,94,
RL12re,1.205625,6.144656,95,
RL12re,1.204679,6.145639,96,
RL12re,1.204114,6.146208,97,
RL12re,1.203944,6.146381,98,
RL12re,1.203921,6.146406,99,
RL12re,1.20379,6.146558,100,
RL12re,1.203612,6.146764,101,
RL12re,1.203015,6.14744,102,
RL12re,1.202953,6.147511,103,
RL12re,1.202776,6.147718,104,
RL12re,1.202277,6.148289,105,
RL12re,1.202018,6.148612,106,
RL12re,1.201935,6.148724,107,
RL12re,1.201828,6.148905,108,
RL12re,1.201647,6.14927,109,
RL12re,1.201629,6.149323,110,
RL12re,1.201618,6.149372,111,
RL12re,1.201611,6.149492,112,
RL12re,1.201634,6.14951,113,
RL12re,1.201651,6.149532,114,
RL12re,1.201663,6.149558,115,
RL12re,1.201669,6.149582,116,
RL12re,1.201669,6.149606,117,
RL12re,1.201665,6.149629,118,
RL12re,1.201656,6.149652,119,
RL12re,1.201624,6.14969,120,
RL12re,1.20158,6.149713,121,
RL12re,1.201531,6.149716,122,
RL12re,1.201502,6.149826,123,
RL12re,1.201472,6.149999,124,
RL12re,1.201447,6.150191,125,
RL12re,1.201437,6.150326,126,
RL12re,1.201433,6.150477,127,
RL12re,1.201435,6.150725,128,
RL12re,1.201455,6.151158,129,
RL12re,1.201506,6.152299,130,
RL12re,1.201526,6.152824,131,
RL12re,1.201551,6.153445,132,
RL12re,1.201559,6.153634,133,
RL12re,1.201581,6.15407,134,
RL12re,1.201632,6.155071,135,
RL12re,1.201648,6.155467,136,
RL12re,1.201679,6.156246,137,
RL12re,1.201713,6.156932,138,
RL12re,1.201786,6.158012,139,
RL12re,1.201807,6.15854,140,
RL12re,1.201832,6.15914,141,
RL12re,1.201837,6.159253,142,
RL12re,1.201841,6.159353,143,
RL12re,1.201848,6.159517,144,
RL12re,1.201868,6.159918,145,
RL12re,1.20189,6.160321,146,
RL12re,1.20196,6.161412,147,
RL12re,1.201994,6.161942,148,
RL12re,1.202016,6.162288,149,
RL12re,1.202052,6.162994,150,
RL12re,1.202075,6.163453,151,
RL12re,1.202155,6.164852,152,
RL12re,1.202159,6.164994,153,
RL12re,1.202159,6.165128,154,
RL12re,1.202159,6.165221,155,
RL12re,1.202153,6.165512,156,
RL12re,1.202125,6.165824,157,
RL12re,1.202087,6.166013,158,
RL12re,1.202031,6.166265,159,
RL12re,1.201998,6.166359,160,
RL12re,1.201968,6.166448,161,
RL12re,1.201902,6.166621,162,
RL12re,1.201869,6.166696,163,
RL12re,1.201824,6.16676,164,
RL12re,1.201755,6.166924,165,
RL12re,1.201706,6.167039,166,
RL12re,1.201632,6.167198,167,
RL12re,1.201528,6.167395,168,
RL12re,1.201467,6.167501,169,
RL12re,1.201411,6.167589,170,
RL12re,1.20125,6.16782,171,
RL12re,1.201099,6.168018,172,
RL12re,1.2009,6.168238,173,
RL12re,1.200667,6.168468,174,
RL12re,1.200386,6.168702,175,
RL12re,1.200153,6.16887,176,
RL12re,1.199839,6.169084,177,
RL12re,1.199713,6.169296,178,
RL12re,1.199637,6.169412,179,
RL12re,1.199638,6.169429,180,
RL12re,1.199639,6.169473,181,
RL12re,1.199639,6.169482,182,
RL12re,1.19961,6.169641,183,
RL12re,1.199564,6.169817,184,
RL12re,1.19959,6.169845,185,
RL12re,1.199598,6.169861,186,
RL12re,1.199607,6.169892,187,
RL12re,1.199607,6.169925,188,
RL12re,1.199598,6.169956,189,
RL12re,1.199593,6.169967,190,
RL12re,1.199586,6.169977,191,
RL12re,1.199571,6.169995,192,
RL12re,1.199552,6.170009,193,
RL12re,1.199451,6.1703,194,
RL12re,1.199372,6.170588,195,
RL12re,1.199328,6.170784,196,
RL12re,1.199113,6.171552,197,
RL12re,1.198916,6.172322,198,
RL12re,1.198886,6.172441,199,
RL12re,1.198736,6.172925,200,
RL12re,1.198698,6.173066,201,
RL12re,1.198578,6.173477,202,
RL12re,1.198422,6.173931,203,
RL12re,1.198332,6.174209,204,
RL12re,1.19828,6.174357,205,
RL12re,1.198195,6.174597,206,
RL12re,1.198017,6.175048,207,
RL12re,1.197854,6.175441,208,
RL12re,1.197706,6.175762,209,
RL12re,1.197504,6.176228,210,
RL12re,1.197299,6.176697,211,
RL12re,1.197079,6.17719,212,
RL12re,1.196821,6.177698,213,
RL12re,1.196627,6.178089,214,
RL12re,1.196379,6.178668,215,
RL12re,1.196286,6.17888,216,
RL12re,1.196046,6.179395,217,
RL12re,1.195796,6.179963,218,
RL12re,1.195568,6.180457,219,
RL12re,1.195518,6.180603,220,
RL12re,1.195366,6.181054,221,
RL12re,1.195293,6.181262,222,
RL12re,1.194981,6.18223,223,
RL12re,1.194897,6.182452,224,
RL12re,1.194889,6.182484,225,
RL12re,1.194856,6.182583,226,
RL12re,1.194795,6.182765,227,
RL12re,1.194607,6.18341,228,
RL12re,1.19454,6.183609,229,
RL12re,1.194274,6.184455,230,
RL12re,1.194134,6.184867,231,
RL12re,1.193956,6.185322,232,
RL12re,1.193789,6.185734,233,
RL12re,1.193694,6.185959,234,
RL12re,1.19363,6.186098,235,
RL12re,1.193291,6.186919,236,
RL12re,1.193206,6.187089,237,
RL12re,1.193113,6.187253,238,
RL12re,1.193084,6.187354,239,
RL12re,1.192815,6.187966,240,
RL12re,1.192384,6.188937,241,
RL12re,1.192133,6.189545,242,
RL12re,1.191974,6.189954,243,
RL12re,1.191781,6.190362,244,
RL12re,1.191585,6.190739,245,
RL12re,1.191524,6.190872,246,
RL12re,1.191459,6.19102,247,
RL12re,1.191364,6.191258,248,
RL12re,1.191306,6.191403,249,
RL12re,1.191232,6.191596,250,
RL12re,1.191135,6.191807,251,
RL12re,1.191014,6.192053,252,
RL12re,1.190731,6.192615,253,
RL12re,1.19066,6.192759,254,
RL12re,1.190562,6.192936,255,
RL12re,1.190433,6.193141,256,
RL12re,1.190288,6.193373,257,
RL12re,1.190113,6.193631,258,
RL12re,1.189986,6.193825,259,
RL12re,1.189475,6.19462,260,
RL12re,1.189395,6.19474,261,
RL12re,1.189145,6.19511,262,
RL12re,1.189054,6.195254,263,
RL12re,1.188964,6.195393,264,
RL12re,1.188894,6.195507,265,
RL12re,1.188902,6.195554,266,
RL12re,1.188897,6.195597,267,
RL12re,1.188881,6.195638,268,
RL12re,1.188855,6.195671,269,
RL12re,1.188821,6.195697,270,
RL12re,1.188792,6.195792,271,
RL12re,1.188761,6.195924,272,
RL12re,1.188752,6.196014,273,
RL12re,1.188709,6.196362,274,
RL12re,1.188634,6.197226,275,
RL12re,1.188577,6.197932,276,
RL12re,1.188564,6.198116,277,
RL12re,1.188543,6.198451,278,
RL12re,1.188518,6.198756,279,
RL12re,1.188513,6.198814,280,
RL12re,1.188462,6.199371,281,
RL12re,1.188413,6.199647,282,
RL12re,1.188364,6.19998,283,
RL12re,1.188312,6.200277,284,
RL12re,1.188213,6.200873,285,
RL12re,1.188134,6.201276,286,
RL12re,1.188047,6.201663,287,
RL12re,1.187952,6.201967,288,
RL12re,1.187547,6.202964,289,
RL12re,1.187405,6.203305,290,
RL12re,1.18724,6.203692,291,
RL12re,1.187126,6.20396,292,
RL12re,1.187063,6.204109,293,
RL12re,1.186849,6.204605,294,
RL12re,1.186838,6.204673,295,
RL12re,1.186847,6.204741,296,
RL12re,1.186869,6.204816,297,
RL12re,1.186391,6.204717,298,
RL12re,1.185947,6.204618,299,
RL12re,1.185596,6.204536,300,
RL12re,1.185447,6.204493,301,
RL12re,1.185296,6.204427,302,
RL12re,1.185192,6.204367,303,
RL12re,1.185097,6.204303,304,
RL12re,1.184989,6.204221,305,
RL12re,1.184409,6.20372,306,
RL12re,1.184215,6.203537,307,
RL12re,1.18404,6.203372,308,
RL12re,1.183802,6.203153,309,
RL12re,1.182957,6.202383,310,
RL12re,1.182255,6.201717,311,
RL12re,1.182125,6.201593,312,
RL12re,1.181771,6.201222,313,
RL12re,1.181608,6.201052,314,
RL12re,1.181545,6.201067,315,
RL12re,1.181511,6.201086,316,
RL12re,1.18148,6.201113,317,
RL12re,1.181443,6.201165,318,
RL12re,1.181485,6.201359,319,
RL12re,1.181513,6.201484,320,
RL12re,1.181634,6.202027,321,
RL12re,1.181727,6.202476,322,
RL12re,1.181789,6.202765,323,
RL12re,1.181869,6.203125,324,
RL12re,1.1819,6.203272,325,
RL12re,1.181917,6.203352,326,
RL12re,1.181933,6.203426,327,
RL12re,1.181984,6.203671,328,
RL12re,1.182095,6.204184,329,
RL12re,1.182197,6.20466,330,
RL12re,1.18228,6.205049,331,
RL12re,1.18232,6.205235,332,
RL12re,1.182351,6.205372,333,
RL12re,1.182401,6.205599,334,
RL12re,1.182473,6.205953,335,
RL12re,1.182543,6.206241,336,
RL12re,1.182606,6.206557,337,
RL12re,1.18265,6.206745,338,
RL12re,1.182679,6.206899,339,
RL12re,1.182726,6.206938,340,
RL12re,1.182754,6.206983,341,
RL12re,1.182767,6.207034,342,
RL12re,1.182764,6.207087,343,
RL12re,1.18275,6.207126,344,
RL12re,1.182728,6.207162,345,
RL12re,1.182681,6.207201,346,
RL12re,1.182624,6.207222,347,
RL12re,1.182563,6.207222,348,
RL12re,1.182506,6.207202,349,
RL12re,1.182474,6.207179,350,
RL12re,1.182398,6.207182,351,
RL12re,1.182333,6.207192,352,
RL12re,1.182277,6.207222,353,
RL12re,1.182132,6.207351,354,
RL12re,1.181955,6.207508,355,
RL12re,1.181718,6.207698,356,
RL12re,1.181523,6.207862,357,
RL12re,1.180997,6.208316,358,
RL12re,1.180744,6.20853,359,
RL12re,1.18059,6.20866,360,
RL12re,1.180511,6.208731,361,
RL12re,1.180214,6.208995,362,
RL12re,1.179885,6.209288,363,
RL12re,1.179468,6.209641,364,
RL12re,1.179175,6.20988,365,
RL12re,1.17894,6.210075,366,
RL12re,1.178834,6.21017,367,
RL12re,1.178378,6.210576,368,
RL12re,1.178127,6.210794,369,
RL12re,1.177832,6.21104,370,
RL12re,1.177102,6.211644,371,
RL12re,1.177045,6.211695,372,
RL12re,1.177024,6.211712,373,
RL12re,1.177021,6.211738,374,
RL12re,1.17701,6.211762,375,
RL12re,1.176992,6.211781,376,
RL12re,1.176968,6.211794,377,
RL12re,1.176942,6.211799,378,
RL12re,1.176916,6.211796,379,
RL12re,1.176901,6.211807,380,
RL12re,1.176435,6.212244,381,
RL12re,1.176317,6.21235,382,
RL12re,1.175717,6.21285,383,
RL12re,1.175283,6.213209,384,
RL12re,1.175216,6.21326,385,
RL12re,1.175214,6.213282,386,
RL12re,1.175205,6.213302,387,
RL12re,1.175188,6.213318,388,
RL12re,1.175168,6.213327,389,
RL12re,1.175145,6.213329,390,
RL12re,1.175124,6.213323,391,
RL12re,1.174999,6.213438,392,
RL12re,1.174855,6.213584,393,
RL12re,1.174564,6.213836,394,
RL12re,1.174067,6.214283,395,
RL12re,1.173674,6.214615,396,
RL12re,1.173082,6.215135,397,
RL12re,1.172597,6.215541,398,
RL12re,1.172085,6.215986,399,
RL12re,1.17184,6.216188,400,
RL12re,1.171555,6.216424,401,
RL12re,1.171046,6.216866,402,
RL12re,1.170385,6.217437,403,
RL12re,1.169326,6.218363,404,
RL12re,1.169066,6.218586,405,
RL12re,1.168988,6.218656,406,
RL12re,1.168848,6.218775,407,
RL12re,1.168648,6.218877,408,
